66 439
494 591
15 211
473 832
503 843
284 669
830 164
35 533
501 335
77 255
975 1003
763 369
45 430
880 142
617 363
390 431
290 846
691 268
467 178
702 310
677 371
136 987
786 997
245 450
628 384
999 596
4 241
137 199
963 931
984 549
374 790
919 977
321 682
562 461
446 481
1023 668
598 332
864 513
160 862
229 422
244 37
32 508
308 837
621 673
73 546
875 82
153 393
580 383
615 966
115 794
791 98
452 170
826 195
357 443
424 456
251 697
281 146
632 534
182 885
122 273
466 309
168 676
664 840
986 796
180 491
923 355
1006 445
945 5
557 729
44 339
327 248
81 988
458 414
972 162
399 507
689 247
753 537
278 532
1021 616
511 64
920 1007
690 472
410 139
998 554
951 917
551 397
946 718
169 572
451 101
425 36
2 449
548 953
51 358
94 155
111 622
464 818
496 996
469 955
793 948
457 351
